PROJET=CellularX
STDTESTS=6
ERRTESTS=3
#
LIBLTEST=Test 1
POINTS=2
ISTESTED={0, 0, 0, 0, 1, 0, 0, 0, 0} 9 5
LIBLTEST=Test 2
POINTS=2
ISTESTED={0, 0, 1, 0, 0, 1, 0, 1, 1, 0, 0, 1, 1, 0, 0} 15 12
LIBLTEST=Test 3
POINTS=1
ISTESTED={0, 1, 1, 0} 4 15
LIBLTEST=Test 4
POINTS=3
ISTESTED={0, 1, 1, 0, 1, 1, 1, 0, 0, 1, 1, 1, 1, 1, 1, 0, 0, 1, 1, 0, 1, 1, 1, 0, 0, 0, 1, 0} 28 50
LIBLTEST=Evil Test 1
POINTS=4
ISTESTED={0, 1, 1, 0, 1, 1, 1, 0, 0, 1, 1, 1, 1, 1, 1, 0, 0, 1, 1, 0, 1, 1, 1, 0, 0, 0, 1, 0, 1, 0, 1, 0, 0, 1, 1, 0, 1, 1, 0, 1, 1, 0, 1, 1, 0, 1, 1, 0, 1, 1, 1, 0, 0, 0, 1, 0, 0, 1, 1, 0, 1, 1, 1, 0, 0, 1, 1, 1, 1, 1, 1, 0, 0, 1, 1, 0, 1, 1, 1, 0, 1, 0, 1, 0, 1, 1, 1, 0, 1, 1, 1, 1, 0, 1, 1, 0, 1, 1, 1, 0, 0, 1, 1, 0, 0, 0, 1, 0, 1, 0, 1, 0} 112 200
LIBLTEST=Evil Test 2
POINTS=5
ISTESTED={0, 0, 0, 0, 0, 0, 0, 0, 0, 0, 0, 0, 0, 0, 0, 0, 0, 0, 0, 0, 0, 0, 0, 0, 0, 0, 0, 0, 0, 0, 0, 0, 0, 0, 0, 0, 0, 0, 0, 0, 0, 0, 0, 0, 0, 0, 0, 0, 0, 0, 0, 0, 0, 0, 0, 0, 0, 0, 0, 0, 0, 0, 0, 0, 0, 0, 0, 0, 0, 0, 0, 0, 0, 0, 0, 0, 0, 0, 0, 0, 0, 0, 0, 0, 1, 0, 0, 0, 0, 0, 0, 0, 0, 0, 0, 0, 0, 0, 0, 0, 0, 0, 0, 0, 0, 0, 0, 0, 0, 0, 0, 0, 0, 0, 0, 0, 0, 0, 0, 0, 0, 0, 0, 0, 0, 0, 0, 0, 0, 0, 0, 0, 0, 0, 0, 0, 0, 0, 0, 0, 0, 0, 0, 0, 0, 0, 0, 0, 0, 0, 0, 0, 0, 0, 0, 0, 0, 0, 0, 0, 0, 0, 0, 0, 0, 0, 0, 0, 0} 169 150
LIBLTEST=Error Test 1
POINTS=1
ISTESTED={0, 0} 2 5
LIBLTEST=Error Test 2
POINTS=1
ISTESTED={0, 0, 0, 1, -1} 5 10
LIBLTEST=Error Test 3
POINTS=1
ISTESTED={42} 1 0