0000000000000000000000000000000000000000000000000000000000000000000000000000000000001000000000000000000000000000000000000000000000000000000000000000000000000000000000000
0000000000000000000000000000000000000000000000000000000000000000000000000000000000011100000000000000000000000000000000000000000000000000000000000000000000000000000000000
0000000000000000000000000000000000000000000000000000000000000000000000000000000000110010000000000000000000000000000000000000000000000000000000000000000000000000000000000
0000000000000000000000000000000000000000000000000000000000000000000000000000000001101111000000000000000000000000000000000000000000000000000000000000000000000000000000000
0000000000000000000000000000000000000000000000000000000000000000000000000000000011001000100000000000000000000000000000000000000000000000000000000000000000000000000000000
0000000000000000000000000000000000000000000000000000000000000000000000000000000110111101110000000000000000000000000000000000000000000000000000000000000000000000000000000
0000000000000000000000000000000000000000000000000000000000000000000000000000001100100001001000000000000000000000000000000000000000000000000000000000000000000000000000000
0000000000000000000000000000000000000000000000000000000000000000000000000000011011110011111100000000000000000000000000000000000000000000000000000000000000000000000000000
0000000000000000000000000000000000000000000000000000000000000000000000000000110010001110000010000000000000000000000000000000000000000000000000000000000000000000000000000
0000000000000000000000000000000000000000000000000000000000000000000000000001101111011001000111000000000000000000000000000000000000000000000000000000000000000000000000000
0000000000000000000000000000000000000000000000000000000000000000000000000011001000010111101100100000000000000000000000000000000000000000000000000000000000000000000000000
0000000000000000000000000000000000000000000000000000000000000000000000000110111100110100001011110000000000000000000000000000000000000000000000000000000000000000000000000
0000000000000000000000000000000000000000000000000000000000000000000000001100100011100110011010001000000000000000000000000000000000000000000000000000000000000000000000000
0000000000000000000000000000000000000000000000000000000000000000000000011011110110011101110011011100000000000000000000000000000000000000000000000000000000000000000000000
0000000000000000000000000000000000000000000000000000000000000000000000110010000101110001001110010010000000000000000000000000000000000000000000000000000000000000000000000
0000000000000000000000000000000000000000000000000000000000000000000001101111001101001011111001111111000000000000000000000000000000000000000000000000000000000000000000000
0000000000000000000000000000000000000000000000000000000000000000000011001000111001111010000111000000100000000000000000000000000000000000000000000000000000000000000000000
0000000000000000000000000000000000000000000000000000000000000000000110111101100111000011001100100001110000000000000000000000000000000000000000000000000000000000000000000
0000000000000000000000000000000000000000000000000000000000000000001100100001011100100110111011110011001000000000000000000000000000000000000000000000000000000000000000000
0000000000000000000000000000000000000000000000000000000000000000011011110011010011111100100010001110111100000000000000000000000000000000000000000000000000000000000000000
0000000000000000000000000000000000000000000000000000000000000000110010001110011110000011110111011000100010000000000000000000000000000000000000000000000000000000000000000
0000000000000000000000000000000000000000000000000000000000000001101111011001110001000110000100010101110111000000000000000000000000000000000000000000000000000000000000000
0000000000000000000000000000000000000000000000000000000000000011001000010111001011101101001110110101000100100000000000000000000000000000000000000000000000000000000000000
0000000000000000000000000000000000000000000000000000000000000110111100110100111010001001111000100101101111110000000000000000000000000000000000000000000000000000000000000
0000000000000000000000000000000000000000000000000000000000001100100011100111100011011111000101111101001000001000000000000000000000000000000000000000000000000000000000000
0000000000000000000000000000000000000000000000000000000000011011110110011100010110010000101101000001111100011100000000000000000000000000000000000000000000000000000000000
0000000000000000000000000000000000000000000000000000000000110010000101110010110101111001101001100011000010110010000000000000000000000000000000000000000000000000000000000
0000000000000000000000000000000000000000000000000000000001101111001101001110100101000111001111010110100110101111000000000000000000000000000000000000000000000000000000000
0000000000000000000000000000000000000000000000000000000011001000111001111000111101101100111000010100111100101000100000000000000000000000000000000000000000000000000000000
0000000000000000000000000000000000000000000000000000000110111101100111000101100001001011100100110111100011101101110000000000000000000000000000000000000000000000000000000
0000000000000000000000000000000000000000000000000000001100100001011100101101010011111010011111100100010110001001001000000000000000000000000000000000000000000000000000000
0000000000000000000000000000000000000000000000000000011011110011010011101001011110000011110000011110110101011111111100000000000000000000000000000000000000000000000000000
0000000000000000000000000000000000000000000000000000110010001110011110001111010001000110001000110000100101010000000010000000000000000000000000000000000000000000000000000
0000000000000000000000000000000000000000000000000001101111011001110001011000011011101101011101101001111101011000000111000000000000000000000000000000000000000000000000000
0000000000000000000000000000000000000000000000000011001000010111001011010100110010001001010001001111000001010100001100100000000000000000000000000000000000000000000000000
0000000000000000000000000000000000000000000000000110111100110100111010010111101111011111011011111000100011010110011011110000000000000000000000000000000000000000000000000
0000000000000000000000000000000000000000000000001100100011100111100011110100001000010000010010000101110110010101110010001000000000000000000000000000000000000000000000000
0000000000000000000000000000000000000000000000011011110110011100010110000110011100111000111111001101000101110101001111011100000000000000000000000000000000000000000000000
0000000000000000000000000000000000000000000000110010000101110010110101001101110011100101100000111001101101000101111000010010000000000000000000000000000000000000000000000
0000000000000000000000000000000000000000000001101111001101001110100101111001001110011101010001100111001001101101000100111111000000000000000000000000000000000000000000000
0000000000000000000000000000000000000000000011001000111001111000111101000111111001110001011011011100111111001001101111100000100000000000000000000000000000000000000000000
0000000000000000000000000000000000000000000110111101100111000101100001101100000111001011010010010011100000111111001000010001110000000000000000000000000000000000000000000
0000000000000000000000000000000000000000001100100001011100101101010011001010001100111010011111111110010001100000111100111011001000000000000000000000000000000000000000000
0000000000000000000000000000000000000000011011110011010011101001011110111011011011100011110000000001111011010001100011100010111100000000000000000000000000000000000000000
0000000000000000000000000000000000000000110010001110011110001111010000100010010010010110001000000011000010011011010110010110100010000000000000000000000000000000000000000
0000000000000000000000000000000000000001101111011001110001011000011001110111111111110101011100000110100111110010010101110100110111000000000000000000000000000000000000000
0000000000000000000000000000000000000011001000010111001011010100110111000100000000000101010010001100111100001111110101000111100100100000000000000000000000000000000000000
0000000000000000000000000000000000000110111100110100111010010111100100101110000000001101011111011011100010011000000101101100011111110000000000000000000000000000000000000
0000000000000000000000000000000000001100100011100111100011110100011111101001000000011001010000010010010111110100001101001010110000001000000000000000000000000000000000000
0000000000000000000000000000000000011011110110011100010110000110110000001111100000110111011000111111110100000110011001111010101000011100000000000000000000000000000000000
0000000000000000000000000000000000110010000101110010110101001100101000011000010001100100010101100000000110001101110111000010101100110010000000000000000000000000000000000
0000000000000000000000000000000001101111001101001110100101111011101100110100111011011110110101010000001101011001000100100110101011101111000000000000000000000000000000000
0000000000000000000000000000000011001000111001111000111101000010001011100111100010010000100101011000011001010111101111111100101010001000100000000000000000000000000000000
0000000000000000000000000000000110111101100111000101100001100111011010011100010111111001111101010100110111010100001000000011101011011101110000000000000000000000000000000
0000000000000000000000000000001100100001011100101101010011011100010011110010110100000111000001010111100100010110011100000110001010010001001000000000000000000000000000000
0000000000000000000000000000011011110011010011101001011110010010111110001110100110001100100011010100011110110101110010001101011011111011111100000000000000000000000000000
0000000000000000000000000000110010001110011110001111010001111110100001011000111101011011110110010110110000100101001111011001010010000010000010000000000000000000000000000
0000000000000000000000000001101111011001110001011000011011000000110011010101100001010010000101110100101001111101111000010111011111000111000111000000000000000000000000000
0000000000000000000000000011001000010111001011010100110010100001101110010101010011011111001101000111101111000001000100110100010000101100101100100000000000000000000000000
0000000000000000000000000110111100110100111010010111101110110011001001110101011110010000111001101100001000100011101111100110111001101011101011110000000000000000000000000
0000000000000000000000001100100011100111100011110100001000101110111111000101010001111001100111001010011101110110001000011100100111001010001010001000000000000000000000000
0000000000000000000000011011110110011100010110000110011101101000100000101101011011000111011100111011110001000101011100110011111100111011011011011100000000000000000000000
0000000000000000000000110010000101110010110101001101110001001101110001101001010010101100010011100010001011101101010011101110000011100010010010010010000000000000000000000
0000000000000000000001101111001101001110100101111001001011111001001011001111011110101010111110010111011010001001011110001001000110010111111111111111000000000000000000000
0000000000000000000011001000111001111000111101000111111010000111111010111000010000101010100001110100010011011111010001011111101101110100000000000000100000000000000000000
0000000000000000000110111101100111000101100001101100000011001100000010100100111001101010110011000110111110010000011011010000001001000110000000000001110000000000000000000
0000000000000000001100100001011100101101010011001010000110111010000110111111100111001010101110101100100001111000110010011000011111101101000000000011001000000000000000000
0000000000000000011011110011010011101001011110111011001100100011001100100000011100111010101000101011110011000101101111110100110000001001100000000110111100000000000000000
0000000000000000110010001110011110001111010000100010111011110110111011110000110011100010101101101010001110101101001000000111101000011111010000001100100010000000000000000
0000000000000001101111011001110001011000011001110110100010000100100010001001101110010110101001001011011000101001111100001100001100110000011000011011110111000000000000000
0000000000000011001000010111001011010100110111000100110111001111110111011111001001110100101111111010010101101111000010011010011011101000110100110010000100100000000000000
0000000000000110111100110100111010010111100100101111100100111000000100010000111111000111101000000011110101001000100111110011110010001101100111101111001111110000000000000
0000000000001100100011100111100011110100011111101000011111100100001110111001100000101100001100000110000101111101111100001110001111011001011100001000111000001000000000000
0000000000011011110110011100010110000110110000001100110000011110011000100111010001101010011010001101001101000001000010011001011000010111010010011101100100011100000000000
0000000000110010000101110010110101001100101000011011101000110001110101111100011011001011110011011001111001100011100111110111010100110100011111110001011110110010000000000
0000000001101111001101001110100101111011101100110010001101101011000101000010110010111010001110010111000111010110011100000100010111100110110000001011010000101111000000000
0000000011001000111001111000111101000010001011101111011001001010101101100110101110100011011001110100101100010101110010001110110100011100101000011010011001101000100000000
0000000110111101100111000101100001100111011010001000010111111010101001011100101000110110010111000111101010110101001111011000100110110011101100110011110111001101110000000
0000001100100001011100101101010011011100010011011100110100000010101111010011101101100101110100101100001010100101111000010101111100101110001011101110000100111001001000000
0000011011110011010011101001011110010010111110010011100110000110101000011110001001011101000111101010011010111101000100110101000011101001011010001001001111100111111100000
0000110010001110011110001111010001111110100001111110011101001100101100110001011111010001101100001011110010100001101111100101100110001111010011011111111000011100000010000
0001101111011001110001011000011011000000110011000001110001111011101011101011010000011011001010011010001110110011001000011101011101011000011110010000000100110010000111000
0011001000010111001011010100110010100001101110100011001011000010001010001010011000110010111011110011011000101110111100110001010001010100110001111000001111101111001100100
0110111100110100111010010111101110110011001000110110111010100111011011011011110101101110100010001110010101101000100011101011011011010111101011000100011000001000111011110
0100100011100111100011110100001000101110111101100100100010111100010010010010000101001000110111011001110101001101110110001010010010010100001010101110110100011101100010000
0111110110011100010110000110011101101000100001011111110110100010111111111111001101111101100100010111000101111001000101011011111111110110011010101000100110110001010111000
0100000101110010110101001101110001001101110011010000000100110110100000000000111001000001011110110100101101000111101101010010000000000101110010101101111100101011010100100
0110001101001110100101111001001011111001001110011000001111100100110000000001100111100011010000100111101001101100001001011111000000001101001110101001000011101010010111110
0101011001111000111101000111111010000111111001110100011000011111101000000011011100010110011001111100001111001010011111010000100000011001111000101111100110001011110100000
0101010111000101100001101100000011001100000111000110110100110000001100000110010010110101110111000010011000111011110000011001110000110111000101101000011101011010000110000
0101010100101101010011001010000110111010001100101100100111101000011010001101111110100101000100100111110101100010001000110111001001100100101101001100110001010011001101000
0101010111101001011110111011001100100011011011101011111100001100110011011001000000111101101111111100000101010111011101100100111111011111101001111011101011011110111001100
0101010100001111010000100010111011110110010010001010000010011011101110010111100001100001001000000010001101010100010001011111100000010000001111000010001010010000100111010
0101010110011000011001110110100010000101111111011011000111110010001001110100010011010011111100000111011001010110111011010000010000111000011000100111011011111001111100010
0101010101110100110111000100110111001101000000010010101100001111011111000110111110011110000010001100010111010100100010011000111001100100110101111100010010000111000010110
0101010101000111100100101111100100111001100000111110101010011000010000101100100001110001000111011010110100010111110111110101100111011111100101000010111111001100100110100
0101010101101100011111101000011111100111010001100000101011110100111001101011110011001011101100010010100110110100000100000101011100010000011101100110100000111011111100110
0101010101001010110000001100110000011100011011010001101010000111100111001010001110111010001010111110111100100110001110001101010010111000110001011100110001100010000011100
0101010101111010101000011011101000110010110010011011001011001100011100111011011000100011011010100000100011111101011001011001011110100101101011010011101011010111000110010
0101010101000010101100110010001101101110101111110010111010111010110011100010010101110110010010110001110110000001010111010111010000111101001010011110001010010100101101110
0101010101100110101011101111011001001000101000001110100010100010101110010111110101000101111110101011000101000011010100010100011001100001111011110001011011110111101001000
0101010101011100101010001000010111111101101100011000110110110110101001110100000101101101000000101010101101100110010110110110110111010011000010001011010010000100001111100
0101010101010011101011011100110100000001001010110101100100100100101111000110001101001001100001101010101001011101110100100100100100011110100111011010011111001110011000010
0101010101011110001010010011100110000011111010100101011111111111101000101101011001111111010011001010101111010001000111111111111110110000111100010011110000111001110100110
0101010101010001011011111110011101000110000010111101010000000000001101101001010111000000011110111010101000011011101100000000000000101001100010111110001001100111000111100
0101010101011011010010000001110001101101000110100001011000000000011001001111010100100000110000100010101100110010001010000000000001101111010110100001011111011100101100010
0101010101010010011111000011001011001001101100110011010100000000110111111000010111110001101001110110101011101111011011000000000011001000010100110011010000010011101010110
0101010101011111110000100110111010111111001011101110010110000001100100000100110100001011001111000100101010001000010010100000000110111100110111101110011000111110001010100
0101010101010000001001111100100010100000111010001001110101000011011110001111100110011010111000101111101011011100111110110000001100100011100100001001110101100001011010110
0101010101011000011111000011110110110001100011011111000101100110010001011000011101110010100101101000001010010011100000101000011011110110011110011111000101010011010010100
0101010101010100110000100110000100101011010110010000101101011101111011010100110001001110111101001100011011111110010001101100110010000101110001110000101101011110011110110
0101010101010111101001111101001111101010010101111001101001010001000010010111101011111000100001111010110010000001111011001011101111001101001011001001101001010001110000100
0101010101010100001111000001111000001011110101000111001111011011100111110100001010000101110011000010101111000011000010111010001000111001111010111111001111011011001001110
0101010101010110011000100011000100011010000101101100111000010010011100000110011011001101001110100110101000100110100110100011011101100111000010100000111000010010111111000
0101010101010101110101110110101110110011001101001011100100111111110010001101110010111001111000111100101101111100111100110110010001011100100110110001100100111110100000100
0101010101010101000101000100101000101110111001111010011111100000001111011001001110100111000101100011101001000011100011100101111011010011111100101011011111100000110001110
0101010101010101101101101111101101101000100111000011110000010000011000010111111000111100101101010110001111100110010110011101000010011110000011101010010000010001101011000
0101010101010101001001001000001001001101111100100110001000111000110100110100000101100011101001010101011000011101110101110001100111110001000110001011111000111011001010100
0101010101010101111111111100011111111001000011111101011101100101100111100110001101010110001111010101010100110001000101001011011100001011101101011010000101100010111010110
0101010101010101000000000010110000000111100110000001010001011101011100011101011001010101011000010101010111101011101101111010010010011010001001010011001101010110100010100
0101010101010101100000000110101000001100011101000011011011010001010010110001010111010101010100110101010100001010001001000011111111110011011111011110111001010100110110110
0101010101010101010000001100101100011010110001100110010010011011011110101011010100010101010111100101010110011011011111100110000000001110010000010000100111010111100100100
0101010101010101011000011011101010110010101011011101111111110010010000101010010110110101010100011101010101110010010000011101000000011001111000111001111100010100011111110
0101010101010101010100110010001010101110101010010001000000001111111001101011110100100101010110110001010101001111111000110001100000110111000101100111000010110110110000000
0101010101010101010111101111011010101000101011111011100000011000000111001010000111111101010100101011010101111000000101101011010001100100101101011100100110100100101000000
0101010101010101010100001000010010101101101010000010010000110100001100111011001100000001010111101010010101000100001101001010011011011111101001010011111100111111101100000
0101010101010101010110011100111110101001001011000111111001100110011011100010111010000011010100001011110101101110011001111011110010010000001111011110000011100000001010000
0101010101010101010101110011100000101111111010101100000111011101110010010110100011000110010110011010000101001001110111000010001111111000011000010001000110010000011011000
0101010101010101010101001110010001101000000010101010001100010001001111110100110110101101110101110011001101111111000100100111011000000100110100111011101101111000110010100
0101010101010101010101111001111011001100000110101011011010111011111000000111100100101001000101001110111001000000101111111100010100001111100111100010001001000101101110110
0101010101010101010101000111000010111010001100101010010010100010000100001100011111101111101101111000100111100001101000000010110110011000011100010111011111101101001000100
0101010101010101010101101100100110100011011011101011111110110111001110011010110000001000001001000101111100010011001100000110100101110100110010110100010000001001111101110
0101010101010101010101001011111100110110010010001010000000100100111001110010101000011100011111101101000010111110111010001100111101000111101110100110111000011111000001000
0101010101010101010101111010000011100101111111011011000001111111100111001110101100110010110000001001100110100000100011011011100001101100001000111100100100110000100011100
0101010101010101010101000011000110011101000000010010100011000000011100111000101011101110101000011111011100110001110110010010010011001010011101100011111111101001110110010
0101010101010101010101100110101101110001100000111110110110100000110011100101101010001000101100110000010011101011000101111111111110111011110001010110000000001111000101110
0101010101010101010101011100101001001011010001100000100100110001101110011101001011011101101011101000111110001010101101000000000000100010001011010101000000011000101101000
0101010101010101010101010011101111111010011011010001111111101011001001110001111010010001001010001101100001011010101001100000000001110111011010010101100000110101101001100
0101010101010101010101011110001000000011110010011011000000001010111111001011000011111011111011011001010011010010101111010000000011000100010011110101010001100101001111010
0101010101010101010101010001011100000110001111110010100000011010100000111010100110000010000010010111011110011110101000011000000110101110111110000101011011011101111000010
0101010101010101010101011011010010001101011000001110110000110010110001100010111101000111000111110100010001110000101100110100001100101000100001001101010010010001000100110
0101010101010101010101010010011111011001010100011000101001101110101011010110100001101100101100000110111011001001101011100110011011101101110011111001011111111011101111100
0101010101010101010101011111110000010111010110110101101111001000101010010100110011001011101010001100100010111111001010011101110010001001001110000111010000000010001000010
0101010101010101010101010000001000110100010100100101001000111101101011110111101110111010001011011011110110100000111011110001001111011111111001001100011000000111011100110
0101010101010101010101011000011101100110110111111101111101100001001010000100001000100011011010010010000100110001100010001011111000010000000111111010110100001100010011100
0101010101010101010101010100110001011100100100000001000001010011111011001110011101110110010011111111001111101011010111011010000100111000001100000010100110011010111110010
0101010101010101010101010111101011010011111110000011100011011110000010111001110001000101111110000000111000001010010100010011001111100100011010000110111101110010100001110
0101010101010101010101010100001010011110000001000110010110010001000110100111001011101101000001000001100100011011110110111110111000011110110011001100100001001110110011000
0101010101010101010101010110011011110001000011101101110101111011101100111100111010001001100011100011011110110010000100100000100100110000101110111011110011111000101110100
0101010101010101010101010101110010001011100110001001000101000010001011100011100011011111010110010110010000101111001111110001111111101001101000100010001110000101101000110
0101010101010101010101010101001111011010011101011111101101100111011010010110010110010000010101110101111001101000111000001011000000001111001101110111011001001101001101100
